%YAML:1.0
---
camera_matrix_left: !!opencv-matrix
   rows: 3
   cols: 3
   dt: d
   data: [ 2256.6822406925035, 0., 1042.7740260179012, 0.,
       2256.0379936396644, 622.73444254874278, 0., 0., 1. ]
dist_coeffs_left: !!opencv-matrix
   rows: 1
   cols: 5
   dt: d
   data: [ -0.16369301245713158, 0.13119538592770003,
       -0.00171226021261569, 0.00056444953146532668,
       0.094481277706275818 ]
camera_matrix_right: !!opencv-matrix
   rows: 3
   cols: 3
   dt: d
   data: [ 2251.379131921808, 0., 1030.034249274009, 0.,
       2250.7171001682532, 562.43250087741671, 0., 0., 1. ]
dist_coeffs_right: !!opencv-matrix
   rows: 1
   cols: 5
   dt: d
   data: [ -0.17144661127415947, 0.21963265881267646,
       -0.00062042255541060187, -0.00034618119029935552,
       -0.14620337006045264 ]
R: !!opencv-matrix
   rows: 3
   cols: 3
   dt: d
   data: [ 0.78536810490960529, -0.0085071875135959828,
       0.61897057082813212, 0.0076739332125476479, 0.99996252799913377,
       0.004006662779780683, -0.61898146219393735, 0.0016032336666993744,
       0.78540395918410377 ]
T: !!opencv-matrix
   rows: 3
   cols: 1
   dt: d
   data: [ -203.6500141748146, -0.98341715663060525, 76.051613714193351 ]
E: !!opencv-matrix
   rows: 3
   cols: 3
   dt: d
   data: [ 0.025101985208623834, -76.050340555552296, -1.077092898358168,
       -66.32707181170943, -0.32048677962934313, 207.02123817387312,
       -0.79045213887333821, -203.65074911546256, -0.20725065309421375 ]
F: !!opencv-matrix
   rows: 3
   cols: 3
   dt: d
   data: [ -4.0671411375415868e-10, 1.232555089279658e-06,
       -0.00072774776256925042, 1.0749783669283411e-06,
       5.1956874866720684e-09, -0.0086959092525292214,
       -0.00057534980894993813, 0.006158376570807215, 1. ]
stereo_reprojection_error_px: 0.07057020401856362
left_reprojection_error_px: 0.042809611062439419
right_reprojection_error_px: 0.037921047228885271
mean_3d_reconstruction_error_mm: 0.010206390449229774
max_3d_reconstruction_error_mm: 0.013960917001040352
min_3d_reconstruction_error_mm: 0.0083731236087724696
board_rows: 9
board_cols: 11
circle_spacing: 10.
